-0.16	5.57
0.08	5.26
0.31	5.34
0.24	5.18
0.31	5.34
0.16	5.57
0.39	5.49
0.39	5.57
0.78	5.89
2.28	6.12
2.12	5.96
1.81	5.73
1.41	5.02
2.59	3.37
3.92	2.83
2.35	2.12
7.3	2.59
11.3	2.51
10.36	1.73
9.18	2.28
8.48	2.2
7.14	3.22
5.02	3.45
2.83	3.3
-0.16	3.06
0.39	3.14
-1.41	1.33
-0.71	0.16
6.04	0.24
9.97	-0.47
12.09	-1.65
13.26	-2.51
13.26	-2.43
11.54	-2.28
9.34	-1.18
5.89	0.39
2.9	1.65
1.81	3.37
-0.08	4
-2.12	2.83
-2.59	1.65
0.94	0.94
5.73	0.08
9.73	-1.73
13.18	-2.75
13.66	-3.22
12.95	-2.75
9.34	-1.73
7.69	-0.16
6.04	1.49
2.43	2.2
1.81	3.22
-0.94	3.77
-3.3	2.83
-2.51	2.28
-0.71	1.49
4	0.16
9.5	-0.78
11.14	-2.04
12.16	-2.51
12.71	-2.43
12.24	-2.28
9.97	-1.49
7.77	-0.24
3.61	0.94
1.88	2.43
-0.31	3.77
-1.41	3.85
-1.88	3.92
-2.2	2.51
-0.71	1.18
6.67	0.78
7.14	0.39
9.1	-0.55
11.22	-1.57
11.69	-1.41
11.22	-1.1
8.71	-0.24
6.59	1.18
3.22	2.51
0.63	3.53
-0.86	3.92
-1.81	3.85
-3.92	3.37
-0.16	2.35
5.73	1.81
8.63	1.33
10.12	0.31
11.77	-0.16
12.87	-0.08
10.91	-0.39
8.48	-0.31
6.2	0.55
3.53	1.49
1.41	2.9
-0.63	4
-1.1	4.24
-3.22	3.92
-2.2	2.98
2.59	1.96
7.77	0.63
13.03	-0.63
13.11	-1.41
11.85	-1.26
9.5	-0.55
7.22	0.78
5.34	2.2
2.04	3.06
0.39	3.92
-1.02	4.24
-3.61	3.22
-3.45	2.67
1.33	2.35
4.87	1.41
9.1	0.31
10.52	-0.63
12.79	-0.86
10.99	-0.86
9.81	0
6.59	1.41
4.16	2.75
2.28	3.61
0.47	4.24
-0.71	4
-3.3	2.98
-3.45	2.43
1.26	2.12
8.24	1.88
11.07	0.55
12.01	0
9.97	-0.31
11.22	0
7.61	0.63
6.51	2.04
3.61	2.83
1.18	3.37
-0.86	3.37
-2.35	2.9
-1.88	2.35
0.78	2.35
4.87	2.35
8.24	1.65
10.28	0.47
9.57	-0.16
10.12	-0.08
8.4	0.24
7.14	1.41
4.63	2.59
1.88	3.37
-0.24	4
-0.63	4.32
-1.33	4.16
-1.73	3.92
-0.24	3.45
3.14	2.83
7.69	1.65
11.22	0.39
12.4	0.31
10.99	0.31
9.18	0.78
7.14	1.65
4.63	2.51
2.51	2.9
-0.39	3.3
-2.28	3.14
-3.3	3.06
-0.94	3.22
2.35	3.06
5.65	3.22
7.46	2.04
10.36	1.41
10.52	0.47
10.12	0.55
7.85	1.33
6.44	2.12
3.45	3.69
2.28	3.69
-0.78	3.06
-2.83	2.35
-2.51	2.43
-1.02	2.75
2.59	2.35
7.77	1.57
11.93	0.24
11.07	-0.47
10.75	-0.16
8.63	0.47
6.59	1.41
3.85	2.28
0.78	2.9
-1.02	3.37
-1.88	3.37
-3.53	2.51
-2.98	2.12
0.71	2.28
7.3	2.83
10.59	1.41
10.36	0
10.2	-0.08
8.63	0.55
6.75	1.33
5.18	2.59
2.28	2.98
0.39	3.3
-1.96	3.69
-3.92	2.75
-1.49	2.35
2.2	2.35
5.81	1.88
9.34	1.73
10.59	0.78
9.89	0.08
9.26	0.47
7.69	1.33
4.24	2.28
2.04	3.06
-0.63	3.37
-2.51	2.9
-1.26	2.28
-2.83	1.88
-0.55	1.49
3.61	1.1
9.1	0.16
10.99	0
11.07	-0.86
9.03	-0.86
6.59	-0.16
4.39	1.41
2.59	2.83
1.18	3.53
-1.81	3.92
-3.06	3.14
-2.9	2.9
0.78	2.67
4.16	1.26
6.75	0.31
10.05	-0.08
10.12	-0.16
9.34	0.16
7.77	1.02
6.04	1.96
2.43	2.35
-0.31	3.37
-1.26	4.47
-1.33	4.24
-2.9	2.9
-2.04	1.18
2.75	0.55
9.81	0.24
11.22	-0.94
10.44	-1.33
10.05	-0.24
7.69	0.55
5.73	1.96
2.51	2.67
1.41	3.22
0.31	3.69
-0.63	3.22
-3.85	1.96
-1.65	1.88
4	2.12
6.67	1.1
9.81	-0.39
9.26	-1.49
12.09	-0.16
9.1	0.55
7.22	1.49
4.16	1.88
1.65	2.67
0.16	3.61
-0.08	3.45
-1.96	2.75
-2.83	2.75
0.16	2.59
4.71	1.88
8.48	0.24
9.65	-0.71
10.67	-0.55
9.73	0.16
7.46	1.02
5.81	1.88
2.35	2.67
0.86	3.85
-1.1	4.32
-0.55	4.32
-2.43	3.22
-1.49	2.43
0.94	1.81
3.92	0.78
10.83	0
12.01	-0.55
10.83	-0.71
9.57	-0.31
6.67	0.78
2.75	2.28
0.63	3.69
-1.81	4.16
-2.04	3.92
-1.57	3.3
0.39	2.51
3.14	1.57
5.34	1.26
6.67	0.39
8.63	0.08
9.97	0.24
9.1	0.24
8.16	0.94
5.81	1.49
3.14	2.28
0.94	3.3
-2.43	3.37
-3.14	2.2
-2.35	2.12
1.88	2.28
6.2	1.96
8.87	0.94
9.5	-0.24
10.2	-0.08
9.81	0
7.85	0.47
5.57	1.41
2.43	2.28
0	3.37
-2.04	3.53
-1.81	3.61
-1.49	2.98
-0.71	2.35
4.55	1.96
7.93	1.1
8.95	-0.08
9.89	-0.16
9.73	0.08
8.24	0.78
6.59	1.41
4.16	2.43
1.02	3.14
-0.94	3.77
-1.88	3.53
-2.59	3.14
-0.63	2.83
3.06	2.67
5.57	1.81
8.48	0.55
9.5	-0.08
9.65	-0.16
9.5	0.31
7.38	0.94
5.34	1.73
1.81	2.43
0.31	3.45
-1.02	4
-2.59	3.45
-2.59	2.67
-0.08	1.73
2.83	1.65
7.53	1.33
9.81	0.08
10.44	-0.55
9.57	-0.16
8.24	0.55
6.2	1.57
3.37	2.35
1.1	2.98
-1.57	3.37
-1.41	3.37
-3.06	2.59
-0.39	2.2
4.08	2.43
5.65	1.49
7.14	0.24
9.1	-0.08
9.97	0.55
8.24	0.71
6.36	1.49
3.77	2.59
1.57	3.61
-0.08	4.24
-1.49	4.08
-2.75	3.45
-1.26	2.59
0.63	2.12
4	1.41
7.93	0.24
9.03	-0.16
9.03	-0.24
8.32	0.78
7.3	1.65
6.04	2.51
3.53	2.83
1.49	3.53
-0.24	4.08
0.16	4.24
-1.1	3.85
-0.94	2.9
0.94	2.75
4.24	1.41
8.08	0.47
8.87	0.08
8.55	0.16
7.85	0.86
7.61	1.96
6.36	2.59
3.14	2.83
1.33	3.22
-1.33	3.22
-1.65	3.06
-3.45	2.04
-0.55	1.96
2.59	1.88
7.14	1.18
9.5	0.39
9.73	-0.08
8.79	0.31
7.93	1.02
5.1	1.81
1.88	2.83
-0.31	3.45
-1.1	3.3
-3.06	2.35
-1.33	2.2
2.35	2.28
5.42	2.35
7.53	1.1
8.24	0
8.87	0.08
9.5	1.18
8.08	1.65
5.89	1.88
2.98	2.51
0.86	3.37
-1.57	3.22
-1.88	2.28
-1.88	1.65
-0.08	2.2
1.96	2.51
4.24	1.73
6.67	0.86
8.32	0.08
9.26	-0.16
9.57	0.16
8.08	0.78
5.73	1.18
2.28	2.2
0.16	3.14
-2.2	3.06
-1.73	3.37
-3.06	2.43
-0.55	2.2
1.73	1.96
5.49	1.33
7.3	0.63
8.32	-0.24
9.42	0.31
7.93	0.24
6.83	0.94
4.16	2.04
1.26	3.3
-0.39	4.24
-0.71	4.39
-2.59	3.53
-1.96	2.98
0.16	2.35
2.43	1.88
7.85	1.33
9.26	0.55
9.73	0.31
9.57	0.86
9.34	1.65
6.83	2.28
3.37	2.67
0.86	3.14
-1.57	3.37
-1.96	2.98
-2.2	2.51
-1.33	2.35
0.39	2.75
4.16	2.67
7.46	1.26
9.42	-0.08
9.97	0.16
9.42	0.39
9.34	1.18
6.83	1.65
3.77	2.2
0.39	3.53
-1.73	4.24
-1.33	4
-2.43	3.22
-2.59	1.96
0.55	2.67
3.85	2.35
6.98	0.94
9.26	-0.08
9.18	-0.55
9.97	0
8.55	0.63
6.83	1.73
4.32	2.75
0.78	3.45
-2.59	3.06
-4.63	2.59
-5.89	2.67
-3.06	6.04
4.24	9.97
-1.26	6.83
-0.71	5.34
0.63	4.08
0.16	2.43
-0.71	3.45
1.81	4.24
0.55	4.16
1.41	3.3
0.94	3.85
0.86	4.08
1.02	4.32
0.24	3.92
-0.08	3.53
0.39	4
0.78	4.87
0.39	4.16
1.02	4.47
0.31	4.24
0.63	5.02
0.24	4.87
1.1	5.02
0.63	4.87
0.39	5.1
0.71	5.18
1.26	5.26
0.78	5.18
0.86	5.26
0.78	5.26
0.63	5.42
0.71	5.34
0.55	5.57
0.71	5.42
0.55	5.57
0.55	5.49
0.71	5.42
0.63	5.34
0.78	5.42
0.86	5.34
0.94	5.1
0.86	5.34
0.63	5.81
0.24	5.96
0.31	5.65
1.33	4.87
0.86	5.65
0.16	6.36
-0.71	7.53
-0.94	7.61
-0.71	7.38
-0.94	7.46
-0.94	7.61
-0.94	7.53
-1.26	7.61
-1.02	7.69
-1.26	7.77
-1.1	7.77
-1.65	7.69
-1.18	7.06
-0.24	5.89
0.39	5.89
1.02	5.57
0.39	5.65
0.39	5.96
0.08	5.73
0.24	5.42
0.16	6.28
0.08	6.04
0.31	5.57
0.39	6.12
0.63	6.04
0.31	5.89
0.31	5.89
0.24	5.65
0.63	5.81
0.55	5.96
0.55	5.81
0.39	5.96
0.47	5.81
0.39	5.89
0.55	5.81
0.31	5.89
0.39	5.81
0.39	5.73
0.47	5.73
0.94	5.89
1.02	5.73
1.18	5.81
1.26	5.89
1.02	5.57
1.02	5.89
0.78	5.73
0.31	5.49
0.63	5.57
0.55	5.42
0.71	5.18
1.18	5.18
1.41	4.47
0.78	5.73
1.33	5.02
0.94	5.42
0.63	5.81
0.78	5.42
1.18	5.26
1.57	4.71
1.41	5.26
1.41	5.02
0.94	5.02
1.26	4.63
0.47	5.34
0.16	5.81
0.31	5.57
0.47	4.94
0.55	5.18
0.55	5.42
0.55	5.42
0.63	5.18
0.16	5.57
-0.08	5.81
0	5.57
0.24	5.34
0.08	5.57
0	5.73
0.08	5.42
-0.08	5.65
0.16	5.49
0.08	5.57
0.16	5.49
0.16	5.57
0.16	5.49
0.16	5.65
0.16	5.49
0.24	5.49
0.08	5.57
0.16	5.49
0.16	5.57
0.16	5.57
0.24	5.49
0.08	5.57
0.08	5.73
0.16	5.65
0.08	5.65
0.16	5.57
0.08	5.65
0.16	5.65
0.16	5.57
0.16	5.65
0.08	5.65
0	5.73
0.16	5.57
0	5.65
0.08	5.57
0.16	5.57
0.16	5.57
0.08	5.57
0.16	5.65
0.16	5.57
0.08	5.73
0	5.73
0.16	5.57
0.16	5.57
-0.08	5.73
0.08	5.65
0.08	5.73
0.08	5.57
0	5.65
0.08	5.65
0.08	5.65
0.08	5.57
0.08	5.73
0	5.65
0.08	5.65
0.16	5.65
0.08	5.57
0.08	5.57
0.08	5.65
0.16	5.57
0.24	5.57
0.08	5.65
0	5.57
0.16	5.57
0.08	5.65
0.08	5.57
0.24	5.57
0	5.65
0.08	5.57
0.16	5.57
0.16	5.57
0	5.73
0.16	5.49
0.08	5.57
-0.08	5.73
0.16	5.57
0.16	5.65
0.08	5.65
0	5.65
0.08	5.57
0	5.57
0.08	5.57
0.08	5.65
0.16	5.57
0.08	5.57
0.08	5.65
0.16	5.65
0.08	5.65
0.08	5.65
0.08	5.65
-0.24	6.12
-0.16	6.28
0.94	5.34
-0.08	5.89
0.08	5.96
0.94	5.42
1.1	4.94
1.41	4.55
1.57	5.18
1.73	5.49
2.12	4.94
2.28	3.77
1.73	3.69
1.33	3.53
1.65	3.45
1.18	4.47
1.88	3.45
2.43	3.3
2.04	4
1.88	3.77
1.65	3.85
1.73	3.85
1.88	3.92
1.81	3.85
1.57	4
1.73	3.85
1.73	3.85
1.88	3.77
1.88	3.69
1.96	3.77
1.96	3.69
1.81	3.85
1.73	3.92
1.81	3.77
1.81	3.85
1.81	3.92
1.88	3.77
1.96	3.77
1.73	3.85
1.81	3.85
1.88	3.92
1.88	3.77
1.88	3.77
1.73	3.92
1.81	3.92
1.88	3.77
1.65	3.92
1.88	3.85
1.81	4
1.88	3.92
1.88	3.85
1.81	4.08
1.96	3.85
1.88	3.85
1.88	3.85
1.65	4
1.96	3.77
1.88	3.92
1.88	3.85
1.73	4
1.88	3.92
1.88	3.92
1.88	3.85
1.81	4
2.04	3.77
1.73	4
1.81	3.92
1.96	3.77
1.81	4.08
1.88	3.92
1.96	3.92
1.81	4
1.88	3.92
1.88	4.08
1.96	3.85
1.88	4
1.81	3.92
1.88	4.08
1.88	3.92
1.81	4
1.81	3.92
1.73	3.92
1.96	4
1.96	3.85
1.81	4
1.88	4
1.81	4
1.96	3.92
1.81	4
1.81	4.16
1.81	4
1.88	4.08
1.88	4
1.73	4.08
1.81	4.08
1.81	4.08
1.88	4.08
1.88	4
1.73	4.08
1.81	4
1.73	4.16
1.81	4
1.88	4.08
1.81	4.08
1.81	4.08
1.88	4
1.81	4
1.73	4.16
1.81	4.08
1.96	4
1.73	4.08
1.88	4
1.81	4.16
1.81	4.16
1.81	4.08
1.81	4.08
1.73	4.16
1.81	4.08
1.81	4.16
1.73	4.24
1.81	4.08
1.88	4.16
1.81	4.32
1.96	4.16
1.96	4.16
1.81	4.32
1.88	4.32
2.04	4.71
2.28	4.55
2.28	4.39
2.28	4.08
1.73	4.24
1.1	4.71
1.41	4.87
1.1	5.49
0.55	5.65
1.18	5.18
1.33	5.65
1.18	6.36
0.94	6.51
0.08	6.04
0.16	6.04
0.78	5.26
0.31	5.42
0.86	5.49
0.39	5.81
0.78	5.57
0.47	5.89
0.47	5.96
0.39	6.04
0.47	5.96
1.02	5.42
0.71	5.49
0.71	5.65
0.63	5.81
0.47	6.04
0.39	6.12
0.78	5.96
0.78	5.89
0.94	5.73
1.1	5.81
-1.41	7.93
-0.94	7.3
-0.16	6.12
1.41	4.87
0.94	5.34
0.55	5.42
0.71	5.18
0.78	5.18
0.71	5.34
0.39	5.73
0.71	5.57
0.39	5.73
0.47	5.73
0.55	5.81
0.24	5.89
0.63	5.89
0.39	5.81
0.31	5.89
0.39	5.89
0.39	5.96
0.47	5.89
0.24	6.12
0.31	5.89
0.31	5.96
0.31	6.04
0.16	6.28
0.31	6.04
0.24	6.12
0.24	6.12
0.24	6.12
0.31	6.12
0.24	6.12
0.39	6.12
0.31	6.12
0.39	6.04
0.31	6.12
0.31	6.12
0.31	6.04
0.31	6.12
0.47	6.12
0.24	6.04
0.39	6.12
0.24	6.04
0.39	6.04
0.31	6.12
0.39	6.04
0.47	5.96
0.55	5.96
0.47	5.89
0.39	5.96
0.55	5.89
0.55	5.96
0.39	5.81
0.47	5.89
0.55	5.73
0.39	5.89
0.39	5.89
0.47	5.96
0.47	5.81
0.39	5.81
0.39	5.89
0.47	5.89
0.39	5.89
0.47	5.81
0.39	5.89
0.39	5.81
0.47	5.89
0.39	5.81
0.39	5.89
0.39	5.81
0.55	5.81
0.47	5.81
0.39	5.81
0.47	5.81
0.39	5.81
0.47	5.81
0.47	5.81
0.39	5.81
0.39	5.81
0.47	5.81
0.47	5.81
0.39	5.81
0.39	5.81
0.39	5.81
0.47	5.89
0.47	5.81
0.47	5.81
0.39	5.81
0.39	5.89
0.47	5.89
0.47	5.96
0.47	5.96
0.47	5.89
0.47	5.81
0.47	5.89
0.47	5.96
0.39	6.12
0.24	6.12
0.47	5.89
0	6.36
0.31	6.2
0.47	6.04
0.24	6.04
0.31	6.04
0.31	6.04
0.31	6.04
0.24	6.12
0.16	6.04
0.39	6.12
0.31	6.04
0.47	5.89
0.39	5.96
0.47	6.04
0.55	6.04
0.55	5.96
0.55	5.89
0.55	6.04
0.55	5.96
0.47	6.12
0.63	5.96
0.47	6.04
0.63	5.96
0.55	5.96
0.55	5.96
0.63	5.89
0.63	5.89
0.63	5.96
0.71	5.89
0.55	5.96
0.55	5.89
0.55	5.96
0.63	5.89
0.55	5.81
0.63	5.89
0.63	5.89
0.55	5.89
0.63	5.89
0.63	5.96
0.55	5.89
0.63	5.89
0.55	5.89
0.55	5.89
0.71	5.89
0.63	5.96
0.55	5.96
0.55	5.89
0.63	5.96
0.55	5.96
0.47	6.04
0.47	5.96
0.47	6.04
0.31	6.12
0.39	6.04
0.78	5.89
0.55	5.96
0.47	5.89
0.55	5.96
0.78	5.96
0.55	6.04
0.55	5.89
0.63	5.96
0.55	5.89
0.39	6.12
0.55	6.04
0.31	6.12
0.47	6.04
0.39	6.2
0.31	6.2
0.39	6.12
0.24	6.12
0.55	6.04
0.47	6.04
0.39	6.2
0.55	6.04
0.55	6.28
0.31	6.12
0.55	6.12
0.55	6.04
0.47	6.2
0.39	6.12
0.39	6.12
0.55	6.04
0.63	5.96
0.55	6.12
0.47	6.04
0.47	6.12
0.55	6.04
0.47	6.2
0.55	6.2
0.55	6.04
0.39	6.2
0.47	6.12
0.47	6.12
0.55	6.04
0.39	6.12
0.39	6.28
0.39	6.2
0.39	6.28
0.31	6.28
0.39	6.28
0.31	6.36
0.31	6.28
0.47	6.12
0.16	6.51
0.16	6.44
0.31	6.36
0	6.67
0.16	6.59
0	6.75
-0.08	6.91
0.08	6.83
-0.16	6.83
0.08	6.75
0.08	6.59
0	6.59
0.16	6.36
0.24	6.44
0.55	5.89
0.63	5.96
1.1	5.34
0	6.2
-0.16	6.04
-0.47	6.51
0	6.04
0.08	6.04
0	6.04
-0.16	6.36
-0.24	6.36
-0.24	6.51
-0.24	6.59
-0.55	6.75
-0.31	6.59
-0.39	6.75
-0.47	6.59
-0.63	6.83
-0.31	6.59
-0.39	6.67
-0.39	6.59
-0.39	6.51
-0.39	6.67
-0.47	6.59
-0.47	6.59
-0.55	6.83
-0.63	6.83
-0.71	6.75
-0.63	6.83
-0.39	6.51
-0.31	6.51
-0.55	6.59
-0.39	6.51
-0.31	6.44
-0.31	6.44
-0.31	6.44
-0.31	6.44
-0.39	6.51
-0.31	6.36
-0.31	6.51
-0.31	6.36
-0.31	6.36
-0.31	6.36
-0.31	6.51
-0.31	6.28
-0.31	6.44
-0.24	6.28
-0.39	6.44
-0.31	6.36
-0.39	6.44
-0.39	6.36
-0.39	6.44
-0.39	6.44
-0.31	6.44
-0.55	6.44
-0.47	6.51
-0.55	6.59
-0.47	6.44
-0.47	6.59
-0.63	6.59
-0.55	6.59
-0.71	6.67
-0.78	6.75
-0.71	6.67
-0.47	6.59
-0.47	6.44
-0.39	6.51
-0.47	6.51
-0.39	6.51
-0.63	6.59
-0.47	6.59
-0.47	6.59
-1.41	7.22
-0.78	6.67
-0.16	5.89
0.39	5.18
0.71	5.1
0.24	5.81
0.63	5.26
0.63	5.65
0.55	5.57
0.24	5.96
0.31	5.89
0.86	5.34
1.18	5.1
1.57	4.39
-0.16	6.2
-1.33	6.98
-0.16	6.04
0.55	5.65
0.47	5.49
-0.94	6.83
-1.02	6.67
-0.94	6.67
-1.1	6.83
-1.41	6.98
-1.26	6.91
-0.94	6.75
-1.73	7.22
-1.49	7.14
-1.73	7.22